srcH(use B)
000000010000000000010000000000000001000000000000000000010000000000000000000000011000000000000000
000001000000000000100000000000000000000000000010000100000000000000100000000000000000000000000010
000000000100000000000000100000000000000000010000000000000001000000000010000000000000000000000100
000000001000000000000000000100000000000100000000010000000000000000000000000010000000000000100000
010000000000000001000000000000000000000000001000000000000010000000001000000000000000000100000000
000000000000001000000000000010000100000000000000000000000000000100000000000100000000100000000000
000000000001000000001000000000000000010000000000000000000000001010000000000000000000001000000000
000000000000100000000000001000001000000000000000000010000000000000000000000000100010000000000000
000000100000000000000000000001000010000000000000001000000000000000000000001000000001000000000000
100000000000000000000100000000000000000000000001100000000000000000010000000000000000000000000001
000000000010000000000000000000010000000000100000000000100000000001000000000000000000010000000000
000100000000000000000000010000000000000000000100000001000000000000000100000000000000000000001000
000000000000000100000000000000100000001000000000000000000000100000000000010000000000000000010000
000000000000010010000000000000000000100000000000000000000000010000000001000000000000000010000000
000010000000000000000010000000000000000001000000000000001000000000000000000001000100000000000000
001000000000000000000001000000000000000010000000000000000100000000000000100000000000000001000000
000001000000000000000000000000100000000000010000000000000000001000000000000100000000000010000000
001000000000000000000000001000000000001000000000100000000000000001000000000000000001000000000000
000010000000000000000000000100000010000000000000000000010000000000000010000000000000000000000001
000000000000100000000000010000000001000000000000000000100000000000000000010000000000000100000000
000000000001000000000100000000000000000001000000000000000000100000000000000010000010000000000000
000100000000000000000000100000000000010000000000000000000000000100000000001000000100000000000000
000000000000010001000000000000000000000000100000010000000000000000000000000000010000000000010000
000000100000000000000000000010001000000000000000000000000000010000001000000000000000000000000010
000000000000000100001000000000000100000000000000000000000001000000000100000000001000000000000000
000000000100000000000001000000000000000100000000000000000010000000000000000000100000000000001000
000000001000000000000000000001000000100000000000000100000000000010000000000000000000100000000000
000000000000001000010000000000000000000000001000000001000000000000010000000000000000000001000000
000000010000000000000000000000010000000010000000001000000000000000000000000001000000000000000100
100000000000000000000010000000000000000000000010000010000000000000000000100000000000010000000000
000000000010000000100000000000000000000000000001000000001000000000000001000000000000001000000000
010000000000000010000000000000000000000000000100000000000100000000100000000000000000000000100000
000000010000000000000100000000000000000000000100000000000010000001000000000000000000000000010000
000001000000000000010000000000001000000000000000000000000000100000000000100000000000000000000001
000000000100000000000010000000000000001000000000000000010000000000100000000000000000001000000000
000000001000000000100000000000000100000000000000100000000000000000000000001000000000000100000000
000000000000001001000000000000000000000000000001000000100000000000000100000000000000000000100000
000100000000000000000000001000000000000010000000000100000000000000000000010000000000000010000000
001000000000000000000000000001000000010000000000000000001000000000000010000000000000000000000010
100000000000000000000000000010000000000100000000001000000000000010000000000000000100000000000000
000000000000000100000000010000000000000000000010000000000100000000001000000000000010000000000000
000000100000000000000000000000100000100000000000000010000000000000000000000010001000000000000000
000000000010000010000000000000000010000000000000000001000000000000000000000000100000100000000000
000000000001000000000000000000010000000000001000010000000000000000000001000000000000000000001000
010000000000000000000000000100000000000000100000000000000001000000000000000100000000000001000000
000000000000010000000000100000000001000000000000000000000000001000000000000001000000010000000000
000010000000000000001000000000000000000000010000000000000000000100010000000000000001000000000000
000000000000100000000001000000000000000001000000000000000000010000000000000000010000000000000100

srcH(use A)
000000000100000000000000000001000000000100000000
000010000000000000000000000000010000000000001000
000000000000000101000000000000000000001000000000
000000000001000000000100000000000000010000000000
000000000000001000100000000000000000000000000010
010000000000000010000000000000000100000000000000
000000001000000000000001000000000000000001000000
100000000000000000000000000010001000000000000000
000100000000000000000000001000000001000000000000
001000000000000000000000010000000010000000000000
000000000010000000000000000000100000000000100000
000000100000000000001000000000000000000000010000
000000010000000000010000000000000000000000000001
000000000000010000000010000000000000000000000100
000001000000000000000000000100000000100000000000
000000000000100000000000100000000000000010000000
000000000000010000000000000000010000000000100000
000010000000000000000010000000000000100000000000
010000000000000000000000000000100001000000000000
100000000000000000000000000100000100000000000000
000000100000000000000000100000000000000000000010
000000000100000000001000000000001000000000000000
000000000000001000000000000001000010000000000000
000000000000000100000000010000000000000000000001
001000000000000000000100000000000000000000000100
000000000001000000010000000000000000000010000000
000000010000000001000000000000000000010000000000
000100000000000000100000000000000000000000001000
000001000000000000000001000000000000000100000000
000000001000000000000000001000000000001000000000
000000000000100010000000000000000000000001000000
000000000010000000000000000010000000000000010000
000000010000000000000001000000000100000000000000
000001000000000000000000100000000001000000000000
000000001000000000100000000000000000000000100000
100000000000000000010000000000000000000000000100
000000000000010000000000001000000000000001000000
000000100000000000000100000000000000001000000000
000000000000100001000000000000000010000000000000
000100000000000000000000010000000000000100000000
000000000000000100000000000010000000010000000000
000000000000001000001000000000000000000000000001
000000000010000000000010000000000000000000001000
001000000000000010000000000000000000000000000010
000010000000000000000000000100000000000000010000
000000000001000000000000000000011000000000000000
010000000000000000000000000001000000000010000000
000000000100000000000000000000100000100000000000
000000000100000001000000000000000001000000000000
000100000000000000000010000000000000000000010000
000000001000000000000000000010000000000100000000
010000000000000000000000001000000000010000000000
000000010000000000000000000001000000000001000000
000000000001000000000000000100000000000000100000
000000000010000000010000000000000000100000000000
100000000000000000100000000000000010000000000000
000000000000001000000000000000100000001000000000
000000000000000100000000000000010000000010000000
000010000000000000000000010000001000000000000000
001000000000000000000000100000000000000000001000
000000000000100000001000000000000100000000000000
000000000000010000000001000000000000000000000001
000000100000000010000000000000000000000000000100
000001000000000000000100000000000000000000000010
000000100000000000000000001000000000000100000000
000000000010000001000000000000001000000000000000
010000000000000000000000000000010010000000000000
000000000100000000000000000100000000000000000010
000010000000000000000001000000000000000010000000
000000000001000000000000100000000000100000000000
001000000000000000100000000000000000001000000000
000000000000010000000000000000100000000000010000
000000000000000100000000000001000100000000000000
000000000000100000010000000000000000010000000000
000000001000000000000100000000000001000000000000
000001000000000010000000000000000000000000001000
000100000000000000001000000000000000000001000000
000000000000001000000000000010000000000000000100
000000010000000000000000010000000000000000100000
100000000000000000000010000000000000000000000001
100000000000000000000000100000000000000001000000
000000000000001000000100000000000000000100000000
000000010000000000001000000000000000000010000000
000000001000000001000000000000000000000000000010
000001000000000000000000001000000000000000100000
000000000010000000000000000001000000000000000100
000000100000000000000000000000100010000000000000
000010000000000000010000000000000001000000000000
000000000000010010000000000000000000010000000000
000000000000000100000000000100000000000000001000
000100000000000000000000000000010000100000000000
000000000000100000000010000000001000000000000000
000000000001000000000000010000000000000000010000
001000000000000000000000000010000000000000000001
010000000000000000000001000000000000001000000000
000000000100000000100000000000000100000000000000

stdH(use matrix): 48*96
011010100100110001111110111011011100100100011011001000000000000000000000000000000000000000000000
110000011010101111110000000111110011000100011001000100000000000000000000000000000000000000000000
111101001011111010001011111100111010000111101111000010000000000000000000000000000000000000000000
110010001010000110010001000010011011100010110111000001000000000000000000000000000000000000000000
100011111101100101101111101010101110010100011100100000100000000000000000000000000000000000000000
000100011100000001000100011110011110111110100110100000010000000000000000000000000000000000000000
100101110100000011100111000001111110001010011110100000001000000000000000000000000000000000000000
010100001010101010111111100101010101001110010010100000000100000000000000000000000000000000000000
101111000011000100001111101101011111001110101110100000000010000000000000000000000000000000000000
011111111110010010101100010010111100100011110000100000000001000000000000000000000000000000000000
000111110010110100101111101101000000111110101101000000000000100000000000000000000000000000000000
011110100001011101101111110110100011101011110001000000000000010000000000000000000000000000000000
001000101011101100100101101010001111010110011101000000000000001000000000000000000000000000000000
000011010100111011010000111001000100100101100100100000000000000100000000000000000000000000000000
111001110010010000010101001010011110010100001010000000000000000010000000000000000000000000000000
101111100110101011000100011010011100101001101110010000000000000001000000000000000000000000000000
001100110010101101101011110100010011100000111011110000000000000000100000000000000000000000000000
111110110010010000011101100011011000000100011010010000000000000000010000000000000000000000000000
101011001001011111010100001101010011001111011011110000000000000000001000000000000000000000000000
011011000101101001111011111011101000111010110011110000000000000000000100000000000000000000000000
000001011100000001011100110011011100101110110100010000000000000000000010000000000000000000000000
101101001110101111101010101011110011011100000001110000000000000000000001000000000000000000000000
001000110010100100110111000100010110101110111111110000000000000000000000100000000000000000000000
000111110111011111110100011010100011010001101001110000000000000000000000010000000000000000000000
100100000010011010111011100000000100000101110101110000000000000000000000001000000000000000000000
110011000110011100100000110111111111000001111101110000000000000000000000000100000000000000000000
111000110000000101010100010101000110111110101100010000000000000000000000000010000000000000000000
000100100010100010001110111000111100101011001111110000000000000000000000000001000000000000000000
000010001000101011100001000100101100000110101110010000000000000000000000000000100000000000000000
000000000111101110011011110111000011100111100101110000000000000000000000000000010000000000000000
000100111011111111011111101001011100011001000011010000000000000000000000000000001000000000000000
100011010110100001101011111001000010100000010001010000000000000000000000000000000100000000000000
111111000011110001101011111000000110000001000001010000000000000000000000000000000010000000000000
111111100110101011000101011010011100100001101110110000000000000000000000000000000001000000000000
110000010010101111110000000110110011100100011001010000000000000000000000000000000000100000000000
001100001011001110101011110010110010111101010010110000000000000000000000000000000000010000000000
001000101010101100101101101010001101010110011101010000000000000000000000000000000000001000000000
100100001010011010011011100000001100000101110101010000000000000000000000000000000000000100000000
110011101101110000000101011101010000010111110000110000000000000000000000000000000000000010000000
001100111000001110001100100001000011100010101101010000000000000000000000000000000000000001000000
111000111000000101010100010001000110101110101101010000000000000000000000000000000000000000100000
000000000101101111011011110111000011100111000100110000000000000000000000000000000000000000010000
101101001111101111101010101001110011011000000000110000000000000000000000000000000000000000001000
011110100110010011110000000001100000001101010100110000000000000000000000000000000000000000000100
110100101000000010111011110011100000100100101010110000000000000000000000000000000000000000000010
000111000000000000011000101001000110010000010010110000000000000000000000000000000000000000000001
000000000000000000000000000000000000000000000000000000000000000000000000000000000000000000000000
000000000000000000000000000000000000000000000000000000000000000000000000000000000000000000000000

stdH(use B):
000000100000010000000000000000000001000000000000000000010000000000000000000000011000000000000000
001000000000000000100000000000000000000000001000000100000000000000100000000000000000000000000010
000000000100000000000000100000000000000000010000000000000001000000000010000000000000000000000100
000000001000000000000000000100000000010000000001000000000000000000000000000010000000000000100000
100000000000000001000000000000000000000100000000000000000010000000001000000000000000000100000000
000000000000001000000000001000001000000000000000000000000000000100000000000100000000100000000000
000000000001000000001000000000000010000000000000010000000000001000000000000000000000001000000000
000000000000100000000001000000010000000000000000000010000000000000000000000000100010000000000000
000001000000000000000000000001000100000000000000001000000000000000000000001000000001000000000000
000000000000000000010000000000000000000000000010100000000000000010010000000000000000000000000001
000000010000000000000000000010000000000000100000000000100000000001000000000000000000010000000000
000100000000000000000000010000000000000000000100000001000000000000000100000000000000000000001000
000000000000000100000000000000100000001000000000000000000000100000000000010000000000000000010000
000000000010000010000000000000000000100000000000000000000000010000000001000000000000000010000000
000010000000000000000010000000000000000001000000000000001000000000000000000001000100000000000000
010000000000000000000100000000000000000010000000000000000100000000000000100000000000000001000000
001000000000000000000000000000100000000000010000000000000000001000000000000100000000000010000000
010000000000000000000001000000000000001000000000100000000000000001000000000000000001000000000000
000010000000000000000000000100000100000000000000000000010000000000000010000000000000000000000001
000000000000100000000000010000000001000000000000000000100000000000000000010000000000000100000000
000000000001000000010000000000000000000001000000000000000000100000000000000010000010000000000000
000100000000000000000000100000000010000000000000000000000000000100000000001000000100000000000000
000000000010000001000000000000000000000000100001000000000000000000000000000000010000000000010000
000001000000000000000000001000010000000000000000000000000000010000001000000000000000000000000010
000000000000000100001000000000001000000000000000000000000001000000000100000000001000000000000000
000000000100000000000100000000000000010000000000000000000010000000000000000000100000000000001000
000000001000000000000000000001000000100000000000010100000000000000000000000000000000100000000000
000000000000011000000000000000000000000100000000000001000000000000010000000000000000000001000000
000000100000000000000000000010000000000010000000001000000000000000000000000001000000000000000100
000000000000000000000010000000000000000000001000000010000000000010000000100000000000010000000000
000000010000000000100000000000000000000000000010000000001000000000000001000000000000001000000000
100000000000000010000000000000000000000000000100000000000100000000100000000000000000000000100000
000000100000000000010000000000000000000000000100000000000010000001000000000000000000000000010000
001000000000010000000000000000010000000000000000000000000000100000000000100000000000000000000001
000000000100000000000010000000000000001000000000000000010000000000100000000000000000001000000000
000000001000000000100000000000001000000000000000100000000000000000000000001000000000000100000000
000000000000001001000000000000000000000000000010000000100000000000000100000000000000000000100000
000100000000000000000001000000000000000010000000000100000000000000000000010000000000000010000000
010000000000000000000000000001000010000000000000000000001000000000000010000000000000000000000010
000000000000000000000000001000000000010000000000011000000000000010000000000000000100000000000000
000000000000000100000000010000000000000000001000000000000100000000001000000000000010000000000000
000001000000000000000000000000100000100000000000000010000000000000000000000010001000000000000000
000000010000000010000000000000000100000000000000000001000000000000000000000000100000100000000000
000000000001000000000000000010000000000100000001000000000000000000000001000000000000000000001000
100000000000000000000000000100000000000000100000000000000001000000000000000100000000000001000000
000000000010000000000000100000000001000000000000000000000000001000000000000001000000010000000000
000010000000000000001000000000000000000000010000000000000000000100010000000000000001000000000000
000000000000100000000100000000000000000001000000000000000000010000000000000000010000000000000100

stdH(use A):
000010000000000000000000000000010000000000001000
000000000000000101000000000000000000001000000000
010000000000000010000000000000000100000000000000
000000000001000000000100000000000000010000000000
000000000000001000100000000000000000000000000010
000000001000000000000001000000000000000001000000
100000000000000000000000000010001000000000000000
000000000010000000000000000000100000000000100000
000100000000000000000000001000000001000000000000
001000000000000000000000010000000010000000000000
000000000000010000000010000000000000000000000100
000000100000000000001000000000000000000000010000
000000010000000000010000000000000000000000000001
100000000000000000000000000100000100000000000000
000001000000000000000000000100000000100000000000
000000000000100000000000100000000000000010000000
000000000000010000000000000000010000000000100000
000010000000000000000010000000000000100000000000
010000000000000000000000000000100001000000000000
000000000100000000001000000000001000000000000000
000000100000000000000000100000000000000000000010
000000000000000100000000010000000000000000000001
000000000000001000000000000001000010000000000000
000000010000000001000000000000000000010000000000
001000000000000000000100000000000000000000000100
000000000001000000010000000000000000000010000000
000001000000000000000001000000000000000100000000
000100000000000000100000000000000000000000001000
000000000010000000000000000010000000000000010000
000000001000000000000000001000000000001000000000
000000000000100010000000000000000000000001000000
000000010000000000000001000000000100000000000000
000001000000000000000000100000000001000000000000
000000001000000000100000000000000000000000100000
000000100000000000000100000000000000001000000000
100000000000000000010000000000000000000000000100
000000000000010000000000001000000000000001000000
000100000000000000000000010000000000000100000000
000000000000100001000000000000000010000000000000
000010000000000000000000000100000000000000010000
000000000000000100000000000010000000010000000000
000000000000001000001000000000000000000000000001
000000000010000000000010000000000000000000001000
001000000000000010000000000000000000000000000010
010000000000000000000000000001000000000010000000
000000000001000000000000000000011000000000000000
000000000100000000000000000000100000100000000000
000100000000000000000010000000000000000000010000
000000000100000001000000000000000001000000000000
000000100000000000000000001000000000000100000000
000000001000000000000000000010000000000100000000
010000000000000000000000001000000000010000000000
000000010000000000000000000001000000000001000000
000000000001000000000000000100000000000000100000
000000000010000000010000000000000000100000000000
100000000000000000100000000000000010000000000000
000000000000001000000000000000100000001000000000
000000000000000100000000000000010000000010000000
000010000000000000000000010000001000000000000000
001000000000000000000000100000000000000000001000
000000000000100000001000000000000100000000000000
000000000000010000000001000000000000000000000001
000000100000000010000000000000000000000000000100
000001000000000000000100000000000000000000000010
000000000100000000000000000001000000000100000000
000000000010000001000000000000001000000000000000
010000000000000000000000000000010010000000000000
000000000100000000000000000100000000000000000010
000010000000000000000001000000000000000010000000
000000000001000000000000100000000000100000000000
001000000000000000100000000000000000001000000000
000000000000010000000000000000100000000000010000
000000000000000100000000000001000100000000000000
000000000000100000010000000000000000010000000000
000000001000000000000100000000000001000000000000
000001000000000010000000000000000000000000001000
000100000000000000001000000000000000000001000000
000000000000001000000000000010000000000000000100
000000010000000000000000010000000000000000100000
100000000000000000000010000000000000000000000001
100000000000000000000000100000000000000001000000
000000000000001000000100000000000000000100000000
000000010000000000001000000000000000000010000000
000000001000000001000000000000000000000000000010
000001000000000000000000001000000000000000100000
000000000010000000000000000001000000000000000100
000000100000000000000000000000100010000000000000
000010000000000000010000000000000001000000000000
000000000000010010000000000000000000010000000000
000000000000000100000000000100000000000000001000
000100000000000000000000000000010000100000000000
000000000000100000000010000000001000000000000000
000000000001000000000000010000000000000000010000
001000000000000000000000000010000000000000000001
010000000000000000000001000000000000001000000000
000000000100000000100000000000000100000000000000

100000000000000000000000000000000000000000000000000111101010000011011001001110000111100110101010
010000000000000000000000000000000000000000000000001111000101010010010100000110000011100010100110
001000000000000000000000000000000000000000000000001010000011011011111101100010000011011001101100
000100000000000000000000000000000000000000000000000010011111110001110001011001001011010101001111
000010000000000000000000000000000000000000000000001001100011110101011100010100100111000010000101
000001000000000000000000000000000000000000000000000010101011100111001111010100000111000010001001
000000100000000000000000000000000000000000000000001000101001111011110000110011001001001011100110
000000010000000000000000000000000000000000000000000100111001100110110010110010001100100001100000
000000001000000000000000000000000000000000000000000111110101001000001011000000101000011111101010
000000000100000000000000000000000000000000000000001000111001000101000111010100010101000010011100
000000000010000000000000000000000000000000000000000111000111101011110001111101011111111100001100
000000000001000000000000000000000000000000000000000010100010011000001100010000011010010010011000
000000000000100000000000000000000000000000000000001110100100101101100101100001111111101010011000
000000000000010000000000000000000000000000000000001010000001110110011000011100001010000110000100
000000000000001000000000000000000000000000000000000110000100011101101101011100111001111101011000
000000000000000100000000000000000000000000000000000101100010111000101001110110011000111001111000
000000000000000010000000000000000000000000000000000111001101000101001001011001111001110101011110
000000000000000001000000000000000000000000000000001100111000010101101111010010101111100000111100
000000000000000000100000000000000000000000000000001100101101111000100101111100100110111000001110
000000000000000000010000000000000000000000000000001101000100000110011110111010011000100100110111
000000000000000000001000000000000000000000000000001010100111110000110111001001011110011101011011
000000000000000000000100000000000000000000000000001000111111111011011010110011001001001011100000
000000000000000000000010000000000000000000000000001010101110110000100101101001011110010100011010
000000000000000000000001000000000000000000000000000011101110111010110100101000111111011110010010
000000000000000000000000100000000000000000000000001010100110111100110111001101011110011101011011
000000000000000000000000010000000000000000000000001010010001010101100110010111010111010010110010
000000000000000000000000001000000000000000000000001010110010101111001101010001001111001010001001
000000000000000000000000000100000000000000000000000110010110110000101000100110110000100010010000
000000000000000000000000000010000000000000000000001101110001011011010111010100010001111000010010
000000000000000000000000000001000000000000000000001100001110100100011111000110011100000011111111
000000000000000000000000000000100000000000000000000110101001010000000101010101100000110000001110
000000000000000000000000000000010000000000000000001111011111000011111011100101001001110010001000
000000000000000000000000000000001000000000000000001011111011001011010110000101101001001100000000
000000000000000000000000000000000100000000000000001000111111001111000010101111101011001100100001
000000000000000000000000000000000010000000000000000111111010011010101001110110010110110001111001
000000000000000000000000000000000001000000000000000101000110011000101001010100010000101001011000
000000000000000000000000000000000000100000000000001001010001110101100110100011010101110001110010
000000000000000000000000000000000000010000000000000000110000101010000101010010001000011010001001
000000000000000000000000000000000000001000000000000000011110110001001111100011001000010000101100
000000000000000000000000000000000000000100000000001110110110101110011011101010110000111110110110
000000000000000000000000000000000000000010000000000011011111111000001110100011110000001011110000
000000000000000000000000000000000000000001000000000010000001010101001000011101011011010110010100
000000000000000000000000000000000000000000100000000011010011110101100110111110110001000111100010
000000000000000000000000000000000000000000010000001101101101011000111110101100000100111110000101
000000000000000000000000000000000000000000001000001110101010101011111000110111100001101001100010
000000000000000000000000000000000000000000000100000011111010101101000010101111110001001101110100
000000000000000000000000000000000000000000000010001011011110000011111100100001101001010000000011
000000000000000000000000000000000000000000000001001111000000111000101101111101011110101101100000
000000000000000000000000000000000000000000000000100000111111000100101101111101010001010010011111
000000000000000000000000000000000000000000000000010000000000000001111111111111111111111111111111

G*(H's translation, use matrix_array) == 0 ?
000000000000000000000000000000000000000000000000
000000000000000000000000000000000000000000000000
000000000000000000000000000000000000000000000000
000000000000000000000000000000000000000000000000
000000000000000000000000000000000000000000000000
000000000000000000000000000000000000000000000000
000000000000000000000000000000000000000000000000
000000000000000000000000000000000000000000000000
000000000000000000000000000000000000000000000000
000000000000000000000000000000000000000000000000
000000000000000000000000000000000000000000000000
000000000000000000000000000000000000000000000000
000000000000000000000000000000000000000000000000
000000000000000000000000000000000000000000000000
000000000000000000000000000000000000000000000000
000000000000000000000000000000000000000000000000
000000000000000000000000000000000000000000000000
000000000000000000000000000000000000000000000000
000000000000000000000000000000000000000000000000
000000000000000000000000000000000000000000000000
000000000000000000000000000000000000000000000000
000000000000000000000000000000000000000000000000
000000000000000000000000000000000000000000000000
000000000000000000000000000000000000000000000000
000000000000000000000000000000000000000000000000
000000000000000000000000000000000000000000000000
000000000000000000000000000000000000000000000000
000000000000000000000000000000000000000000000000
000000000000000000000000000000000000000000000000
000000000000000000000000000000000000000000000000
000000000000000000000000000000000000000000000000
000000000000000000000000000000000000000000000000
000000000000000000000000000000000000000000000000
000000000000000000000000000000000000000000000000
000000000000000000000000000000000000000000000000
000000000000000000000000000000000000000000000000
000000000000000000000000000000000000000000000000
000000000000000000000000000000000000000000000000
000000000000000000000000000000000000000000000000
000000000000000000000000000000000000000000000000
000000000000000000000000000000000000000000000000
000000000000000000000000000000000000000000000000
000000000000000000000000000000000000000000000000
000000000000000000000000000000000000000000000000
000000000000000000000000000000000000000000000000
000000000000000000000000000000000000000000000000
000000000000000000000000000000000000000000000000
000000000000000000000000000000000000000000000000
000000000000000000000000000000000000000000000000
000000000000000000000000000000000000000000000000

G*(H's translation, use B) == 0 ?
000000000000000000000000000000000000000000000000
000000000000000000000000000000000000000000000000
000000000000000000000000000000000000000000000000
000000000000000000000000000000000000000000000000
000000000000000000000000000000000000000000000000
000000000000000000000000000000000000000000000000
000000000000000000000000000000000000000000000000
000000000000000000000000000000000000000000000000
000000000000000000000000000000000000000000000000
000000000000000000000000000000000000000000000000
000000000000000000000000000000000000000000000000
000000000000000000000000000000000000000000000000
000000000000000000000000000000000000000000000000
000000000000000000000000000000000000000000000000
000000000000000000000000000000000000000000000000
000000000000000000000000000000000000000000000000
000000000000000000000000000000000000000000000000
000000000000000000000000000000000000000000000000
000000000000000000000000000000000000000000000000
000000000000000000000000000000000000000000000000
000000000000000000000000000000000000000000000000
000000000000000000000000000000000000000000000000
000000000000000000000000000000000000000000000000
000000000000000000000000000000000000000000000000
000000000000000000000000000000000000000000000000
000000000000000000000000000000000000000000000000
000000000000000000000000000000000000000000000000
000000000000000000000000000000000000000000000000
000000000000000000000000000000000000000000000000
000000000000000000000000000000000000000000000000
000000000000000000000000000000000000000000000000
000000000000000000000000000000000000000000000000
000000000000000000000000000000000000000000000000
000000000000000000000000000000000000000000000000
000000000000000000000000000000000000000000000000
000000000000000000000000000000000000000000000000
000000000000000000000000000000000000000000000000
000000000000000000000000000000000000000000000000
000000000000000000000000000000000000000000000000
000000000000000000000000000000000000000000000000
000000000000000000000000000000000000000000000000
000000000000000000000000000000000000000000000000
000000000000000000000000000000000000000000000000
000000000000000000000000000000000000000000000000
000000000000000000000000000000000000000000000000
000000000000000000000000000000000000000000000000
000000000000000000000000000000000000000000000000
000000000000000000000000000000000000000000000000
000000000000000000000000000000000000000000000000
000000000000000000000000000000000000000000000000

